1 
1 
1 
1 
1 
1 
1 
1 
1 
1 
1 
1 
1 
1 
1 
1 
1 
1 
1 
1 
1 
1 
1 
2 
2 
2 
2 
2 
2 
2 
2 
2 
2 
2 
3 
3 
3 
3 
3 
3 
3 
3 
3 
3 
3 
3 
3 
3 
3 
3 
3 
3 
3 
3 
3 
3 
3 
3 
3 
3 
3 
4 
4 
4 
4 
4 
4 
4 
4 
4 
4 
4 
4 
4 
4 
4 
4 
4 
5 
5 
5 
5 
5 
5 
5 
5 
5 
6 
7 
7 
7 
7 
7 
7 
7 
7 
7 
7 
7 
7 
7 
7 
7 
7 
7 
7 
7 
7 
7 
7 
7 
7 
7 
7 
7 
7 
7 
7 
7 
7 
7 
7 
8 
8 
8 
8 
8 
8 
8 
9 
9 
9 
9 
9 
9 
9 
9 
9 
9 
9 
9 
9 
9 
9 
9 
9 
9 
9 
9 
9 
9 
9 
10 
10 
11 
11 
11 
11 
11 
11 
11 
11 
11 
11 
11 
12 
12 
12 
12 
12 
12 
12 
12 
12 
12 
12 
12 
12 
12 
12 
12 
12 
12 
12 
12 
12 
13 
13 
13 
13 
13 
13 
13 
13 
13 
14 
14 
14 
14 
14 
15 
15 
15 
15 
15 
15 
15 
15 
15 
15 
15 
15 
15 
15 
15 
15 
15 
15 
15 
15 
15 
15 
15 
15 
15 
15 
16 
16 
16 
16 
16 
16 
16 
16 
16 
16 
16 
16 
16 
16 
16 
16 
17 
17 
17 
17 
18 
18 
18 
18 
18 
18 
18 
18 
18 
18 
18 
18 
18 
18 
18 
18 
19 
19 
19 
19 
19 
19 
19 
19 
19 
19 
19 
19 
19 
19 
19 
19 
19 
19 
19 
20 
20 
20 
20 
20 
20 
20 
16 16 
16 16 16 
18 18 
16 16 
19 19 
16 16 16 
15 15 
15 15 
18 18 18 
16 16 
16 16 
12 12 
7 7 
19 19 
18 18 
7 7 
15 15 15 
7 7 
7 7 
19 19 19 
9 11 
7 7 
4 4 
19 19 
12 12 
18 18 18 18 
7 7 
3 3 
5 13 
12 12 
15 15 
7 7 7 
7 7 
9 9 
19 19 
15 15 15 
19 19 19 
16 16 16 
8 16 16 16 
16 16 
1 1 
12 12 
4 4 
1 1 
15 15 
18 18 18 18 18 
1 1 
4 4 4 
19 19 
5 13 
4 4 
3 3 3 
2 2 
19 19 
3 3 3 3 
4 4 
7 7 7 
1 1 1 1 
4 4 4 
19 19 19 
12 12 12 
19 19 19 19 19 
2 2 
1 1 
7 7 7 
7 7 7 7 7 
11 11 
16 16 16 16 
3 3 3 3 3 
15 15 
15 15 
4 4 4 4 4 
19 19 19 
19 19 19 19 
4 4 
12 12 12 12 12 
15 15 15 
17 17 
3 3 3 3 3 3 
15 15 15 
16 16 16 16 16 16 
8 8 
19 19 19 
18 18 
1 9 
7 7 7 
7 7 7 7 
15 15 
19 19 19 19 19 19 19 19 
4 12 
12 12 12 12 12 12 12 
1 1 
2 2 2 
3 3 3 3 3 3 3 
15 15 15 15 15 
1 1 1 1 1 1 
2 3 
7 7 
15 15 15 15 15 15 15 
7 7 7 7 7 7 
9 9 9 
4 4 4 
19 19 19 19 19 19 19 19 19 
1 3 
12 12 12 12 12 12 12 12 12 
1 1 1 
9 9 
11 11 
5 5 
12 12 
5 9 13 
1 9 9 
7 7 
19 19 19 19 19 19 19 19 19 19 19 19 
3 3 
1 1 1 5 
12 12 
12 20 
19 19 19 19 19 19 19 19 19 19 19 19 19 19 19 
9 9 
5 9 13 
1 1 
1 3 
7 7 7 
3 3 
16 20 
7 7 7 7 7 7 7 7 
15 15 15 15 15 15 15 15 
9 9 9 11 
2 2 2 2 2 
1 1 
4 4 4 4 4 12 12 12 12 12 12 12 12 12 
13 14 
1 5 9 13 
12 12 12 
5 13 
11 11 11 
4 12 
4 12 16 
3 3 3 
14 15 
20 20 
2 2 3 
7 7 7 7 
1 1 3 9 9 
4 12 
15 15 15 15 
20 20 
9 13 
1 5 
7 7 
17 17 19 19 19 19 
3 3 3 
8 16 20 
8 8 16 16 16 16 
15 15 
3 3 3 3 
5 5 5 
1 1 1 1 1 5 
7 7 7 7 7 7 7 7 7 
7 7 7 7 7 7 7 
5 9 13 18 
7 7 7 7 7 7 7 7 7 7 
1 1 1 
2 2 2 2 2 2 
3 15 15 15 15 
1 1 1 1 1 1 1 1 1 1 1 5 
8 8 8 16 16 16 16 
9 9 9 9 
9 9 11 
3 3 3 3 3 3 3 3 3 3 
9 10 
8 8 16 16 16 
14 15 15 
5 5 5 7 
4 4 4 12 12 
17 17 
9 10 11 11 
14 15 
4 4 12 20 
11 11 11 11 
12 12 12 12 
2 2 
7 7 7 7 7 7 
8 8 16 16 16 16 16 16 16 16 16 
7 7 7 7 7 7 7 7 7 7 7 7 7 7 7 7 7 
2 2 2 2 2 2 3 
9 9 9 9 9 9 9 11 
4 4 4 4 12 
1 1 3 9 9 13 
1 1 1 1 1 1 1 1 1 1 1 1 1 1 5 
7 7 7 
4 4 4 4 12 12 12 12 12 
15 15 15 15 15 15 15 15 15 
13 14 18 18 
17 17 18 
3 3 3 3 3 3 3 3 3 3 3 
9 10 11 11 11 11 11 11 
4 8 16 20 
9 9 
17 17 19 19 19 19 19 19 19 19 19 19 19 19 19 19 19 19 19 19 19 
15 15 15 15 15 15 15 15 15 15 15 15 
4 4 4 4 4 4 4 4 12 12 12 12 12 12 12 12 12 12 12 
8 8 8 8 16 16 16 16 
1 1 3 9 9 13 13 
7 7 7 7 7 7 7 
5 5 5 7 13 
1 5 9 13 18 
9 9 9 9 9 9 9 9 11 
18 18 18 18 18 18 18 
4 4 12 12 20 
3 3 3 3 3 3 3 3 3 3 3 3 
20 20 20 20 
7 7 7 7 
9 9 11 11 
2 2 3 3 3 3 3 3 3 3 3 3 3 3 
4 8 12 16 20 
9 9 9 
4 4 4 4 8 8 8 8 12 12 12 12 12 16 16 16 16 
14 15 15 
14 15 15 15 15 15 15 15 15 15 15 15 15 15 15 
7 7 7 7 7 7 7 7 7 7 7 
17 17 18 19 19 19 19 19 19 19 19 19 19 19 19 19 19 19 19 19 19 19 
9 9 9 9 9 9 9 9 9 10 11 11 11 11 11 11 11 
8 8 16 16 16 16 16 16 16 16 16 16 
1 1 1 1 1 1 1 1 1 1 1 1 1 1 2 2 3 3 3 3 3 3 3 3 3 3 3 3 5 
4 4 4 4 4 8 8 8 8 12 12 12 12 12 12 16 16 16 16 16 
3 3 3 3 3 
9 9 11 11 13 14 18 18 
17 17 18 18 
2 5 13 
7 7 7 7 7 7 7 7 7 7 7 7 7 7 7 
9 9 9 9 9 9 9 9 9 9 10 11 11 11 11 11 11 11 
17 17 18 18 19 19 19 19 19 19 19 19 19 19 19 19 19 19 19 19 19 19 19 
14 15 15 15 15 15 15 15 15 15 15 15 15 15 15 15 15 15 
3 3 3 3 3 3 
1 1 1 1 1 1 1 1 1 1 1 1 1 1 2 2 3 3 3 3 3 3 3 3 3 3 3 3 3 5 
1 1 1 1 1 1 1 1 1 1 1 1 1 1 2 2 3 3 3 3 3 3 3 3 3 3 3 3 3 3 5 
4 4 4 4 4 4 4 4 4 4 12 12 12 12 12 12 12 12 12 12 12 12 12 20 
1 1 1 1 1 1 1 1 1 1 1 1 1 1 2 2 3 3 3 3 3 3 3 3 3 3 3 3 3 3 3 3 3 3 3 3 5 
14 15 15 15 15 
9 9 9 9 
4 8 8 12 16 16 16 16 16 16 16 16 16 16 
1 1 1 1 1 1 1 1 1 1 1 1 1 1 2 2 3 3 3 3 3 3 3 3 3 3 3 3 3 3 3 3 3 3 3 3 3 5 
1 1 3 9 9 13 13 18 
7 7 7 7 7 7 7 7 7 7 7 7 7 7 7 7 
1 1 5 
1 1 5 
1 1 1 1 1 1 1 1 1 1 1 1 1 1 2 2 2 2 2 2 2 2 3 3 3 3 3 3 3 3 3 3 3 3 3 3 3 3 3 3 3 3 3 3 5 
2 2 3 3 
9 9 9 9 9 9 9 9 9 9 10 11 11 11 11 11 11 11 11 
3 14 15 15 15 15 15 15 15 15 15 15 15 15 15 15 15 15 15 15 15 15 15 
2 5 9 13 13 
1 1 1 1 1 1 1 1 1 1 1 1 1 1 1 2 2 2 2 2 2 2 2 3 3 3 3 3 3 3 3 3 3 3 3 3 3 3 3 3 3 3 3 3 3 3 5 
7 7 7 7 7 7 7 7 7 7 7 7 7 7 7 7 7 7 7 7 7 7 7 7 7 7 7 7 7 7 7 7 7 
4 4 4 4 4 4 4 4 4 4 4 4 4 4 4 8 8 8 8 12 12 12 12 12 12 12 12 12 12 12 12 12 12 12 12 12 12 12 16 16 16 16 16 20 
13 14 
1 1 1 1 1 1 1 1 1 1 1 1 1 1 1 2 2 2 2 2 2 2 2 3 3 3 3 3 3 3 3 3 3 3 3 3 3 3 3 3 3 3 3 3 3 3 5 5 5 5 7 13 
4 8 8 12 16 16 16 16 16 16 16 16 16 16 20 20 20 20 
1 1 5 5 9 13 18 
17 17 18 18 18 18 18 18 18 18 18 
2 2 3 3 6 
4 4 4 4 4 4 4 4 4 4 4 4 4 4 4 4 8 8 8 8 8 8 12 12 12 12 12 12 12 12 12 12 12 12 12 12 12 12 12 12 12 12 16 16 16 16 16 16 16 16 16 16 16 16 16 16 16 20 20 20 20 20 
3 14 14 15 15 15 15 15 15 15 15 15 15 15 15 15 15 15 15 15 15 15 15 15 15 
9 9 9 9 9 9 9 9 9 9 9 9 9 9 10 11 11 11 11 11 11 11 11 
1 1 2 5 5 9 13 13 
1 1 1 5 5 9 13 18 
9 9 9 9 9 9 9 9 9 9 9 9 9 9 9 10 11 11 11 11 11 11 11 11 
13 14 14 15 15 15 15 
3 13 14 14 14 14 15 15 15 15 15 15 15 15 15 15 15 15 15 15 15 15 15 15 15 15 15 15 15 15 15 15 
1 1 1 3 5 9 9 9 13 13 13 18 18 
1 1 1 1 1 1 1 1 1 1 1 1 1 1 1 2 2 2 2 2 2 2 2 2 2 3 3 3 3 3 3 3 3 3 3 3 3 3 3 3 3 3 3 3 3 3 3 3 3 3 5 5 5 5 6 7 13 
17 17 17 17 18 18 18 18 18 18 18 18 18 18 18 19 19 19 19 19 19 19 19 19 19 19 19 19 19 19 19 19 19 19 
9 9 9 9 9 9 9 9 9 9 9 9 9 9 9 9 9 10 11 11 11 11 11 11 11 11 11 11 13 14 18 18 
4 4 4 4 4 4 4 4 4 4 4 4 4 4 4 4 8 8 8 8 8 8 9 12 12 12 12 12 12 12 12 12 12 12 12 12 12 12 12 12 12 12 12 16 16 16 16 16 16 16 16 16 16 16 16 16 16 16 20 20 20 20 20 
1 1 1 1 1 1 3 5 5 5 9 9 9 9 13 13 13 13 18 18 18 
4 4 4 4 4 4 4 4 4 4 4 4 4 4 4 4 4 8 8 8 8 8 8 8 9 12 12 12 12 12 12 12 12 12 12 12 12 12 12 12 12 12 12 12 12 12 16 16 16 16 16 16 16 16 16 16 16 16 16 16 16 16 20 20 20 20 20 20 
1 1 1 1 1 1 1 1 1 1 1 1 1 1 1 1 1 2 2 2 2 2 2 2 2 2 2 2 3 3 3 3 3 3 3 3 3 3 3 3 3 3 3 3 3 3 3 3 3 3 3 3 3 5 5 5 5 5 5 6 7 9 13 13 13 
9 9 9 9 9 9 9 9 9 9 9 9 9 9 9 9 9 10 10 11 11 11 11 11 11 11 11 11 11 13 14 18 18 
1 1 1 1 1 1 1 1 1 1 1 1 1 1 1 1 1 1 1 1 1 1 1 2 2 2 2 2 2 2 2 2 2 2 3 3 3 3 3 3 3 3 3 3 3 3 3 3 3 3 3 3 3 3 3 3 3 3 3 3 5 5 5 5 5 5 5 5 5 6 7 9 9 9 9 9 13 13 13 13 13 13 13 18 18 18 
3 9 9 9 9 9 9 9 9 9 9 9 9 9 9 9 9 9 10 10 11 11 11 11 11 11 11 11 11 11 13 13 14 14 14 14 14 15 15 15 15 15 15 15 15 15 15 15 15 15 15 15 15 15 15 15 15 15 15 15 15 15 15 18 18 
7 7 7 7 7 7 7 7 7 7 7 7 7 7 7 7 7 7 7 7 7 7 7 7 7 7 7 7 7 7 7 7 7 17 17 17 17 18 18 18 18 18 18 18 18 18 18 18 19 19 19 19 19 19 19 19 19 19 19 19 19 19 19 19 19 19 19 
11 20 
1 1 1 1 1 1 1 1 1 1 1 1 1 1 1 1 1 1 1 1 1 1 1 2 2 2 2 2 2 2 2 2 2 2 3 3 3 3 3 3 3 3 3 3 3 3 3 3 3 3 3 3 3 3 3 3 3 3 3 3 3 5 5 5 5 5 5 5 5 5 6 7 9 9 9 9 9 9 9 9 9 9 9 9 9 9 9 9 9 9 9 9 9 9 10 10 11 11 11 11 11 11 11 11 11 11 13 13 13 13 13 13 13 13 13 14 14 14 14 14 15 15 15 15 15 15 15 15 15 15 15 15 15 15 15 15 15 15 15 15 15 15 15 15 15 15 18 18 18 18 18 
4 4 4 4 4 4 4 4 4 4 4 4 4 4 4 4 4 7 7 7 7 7 7 7 7 7 7 7 7 7 7 7 7 7 7 7 7 7 7 7 7 7 7 7 7 7 7 7 7 7 8 8 8 8 8 8 8 9 12 12 12 12 12 12 12 12 12 12 12 12 12 12 12 12 12 12 12 12 12 16 16 16 16 16 16 16 16 16 16 16 16 16 16 16 16 17 17 17 17 18 18 18 18 18 18 18 18 18 18 18 19 19 19 19 19 19 19 19 19 19 19 19 19 19 19 19 19 19 19 20 20 20 20 20 20 
1 1 1 1 1 1 1 1 1 1 1 1 1 1 1 1 1 1 1 1 1 1 1 2 2 2 2 2 2 2 2 2 2 2 3 3 3 3 3 3 3 3 3 3 3 3 3 3 3 3 3 3 3 3 3 3 3 3 3 3 3 5 5 5 5 5 5 5 5 5 6 7 9 9 9 9 9 9 9 9 9 9 9 9 9 9 9 9 9 9 9 9 9 9 10 10 11 11 11 11 11 11 11 11 11 11 11 13 13 13 13 13 13 13 13 13 14 14 14 14 14 15 15 15 15 15 15 15 15 15 15 15 15 15 15 15 15 15 15 15 15 15 15 15 15 15 15 18 18 18 18 18 20 
1 1 1 1 1 1 1 1 1 1 1 1 1 1 1 1 1 1 1 1 1 1 1 2 2 2 2 2 2 2 2 2 2 2 3 3 3 3 3 3 3 3 3 3 3 3 3 3 3 3 3 3 3 3 3 3 3 3 3 3 3 4 4 4 4 4 4 4 4 4 4 4 4 4 4 4 4 4 5 5 5 5 5 5 5 5 5 6 7 7 7 7 7 7 7 7 7 7 7 7 7 7 7 7 7 7 7 7 7 7 7 7 7 7 7 7 7 7 7 7 7 7 8 8 8 8 8 8 8 9 9 9 9 9 9 9 9 9 9 9 9 9 9 9 9 9 9 9 9 9 9 9 10 10 11 11 11 11 11 11 11 11 11 11 11 12 12 12 12 12 12 12 12 12 12 12 12 12 12 12 12 12 12 12 12 12 13 13 13 13 13 13 13 13 13 14 14 14 14 14 15 15 15 15 15 15 15 15 15 15 15 15 15 15 15 15 15 15 15 15 15 15 15 15 15 15 16 16 16 16 16 16 16 16 16 16 16 16 16 16 16 16 17 17 17 17 18 18 18 18 18 18 18 18 18 18 18 18 18 18 18 18 19 19 19 19 19 19 19 19 19 19 19 19 19 19 19 19 19 19 19 20 20 20 20 20 20 20 
