0 
1 
2 
3 
4 
5 
6 
7 
8 
9 
10 
11 
12 
13 
14 
15 
16 
17 
18 
19 
20 
21 
22 
23 
24 
25 
26 
27 
28 
29 
30 
31 
32 
33 
34 
35 
36 
37 
38 
39 
40 
41 
42 
43 
44 
45 
46 
47 
48 
49 
50 
51 
52 
53 
54 
55 
56 
57 
58 
59 
60 
61 
62 
63 
64 
65 
66 
67 
68 
69 
70 
71 
72 
73 
74 
75 
76 
77 
78 
79 
80 
81 
82 
83 
84 
85 
86 
87 
88 
89 
90 
91 
92 
93 
94 
95 
96 
97 
98 
99 
100 
101 
102 
103 
104 
105 
106 
107 
108 
109 
110 
111 
112 
113 
114 
115 
116 
117 
118 
119 
120 
121 
122 
123 
124 
125 
126 
127 
128 
129 
130 
131 
132 
133 
134 
135 
136 
137 
138 
139 
140 
141 
142 
143 
144 
145 
146 
147 
148 
149 
150 
151 
152 
153 
154 
155 
156 
157 
158 
159 
160 
161 
162 
163 
164 
165 
166 
167 
168 
169 
170 
171 
172 
173 
174 
175 
176 
177 
178 
179 
180 
181 
182 
183 
184 
185 
186 
187 
188 
189 
190 
191 
192 
193 
194 
195 
196 
197 
198 
199 
200 
201 
202 
203 
204 
205 
206 
207 
208 
209 
210 
211 
212 
213 
214 
215 
216 
217 
218 
219 
220 
221 
222 
223 
224 
225 
226 
227 
228 
229 
230 
231 
232 
233 
234 
235 
236 
237 
238 
239 
240 
241 
242 
243 
244 
245 
246 
247 
248 
249 
250 
251 
252 
253 
254 
255 
256 
257 
258 
259 
260 
261 
262 
263 
264 
265 
266 
267 
268 
269 
270 
271 
272 
273 
274 
275 
276 
277 
278 
279 
280 
281 
282 
283 
284 
285 
286 
287 
226 233 
226 231 233 
254 255 
227 236 
279 280 
227 234 236 
215 216 
211 213 
253 254 255 
237 238 
235 240 
175 184 
90 100 
273 274 
250 256 
97 98 
211 212 213 
107 108 
92 93 
278 279 280 
141 163 
115 116 
63 71 
264 265 
174 183 
249 253 254 255 
105 106 
53 55 
80 189 
166 167 
221 223 
90 100 101 
95 102 
146 147 
266 267 
221 222 223 
266 267 268 
228 235 240 
124 226 231 233 
230 239 
12 15 
176 185 
61 68 
16 17 
208 209 
249 252 253 254 255 
13 14 
61 68 69 
269 271 
81 190 
64 77 
53 55 57 
32 33 
276 277 
53 55 57 58 
62 70 
115 116 117 
13 14 16 17 
62 70 72 
272 273 274 
175 180 184 
264 265 266 267 268 
28 30 
18 20 
96 97 98 
90 95 100 101 102 
156 157 
230 237 238 239 
53 54 55 57 58 
217 219 
204 205 
62 63 70 71 72 
275 276 277 
262 278 279 280 
73 74 
174 175 180 183 184 
217 218 219 
242 244 
52 53 54 55 57 58 
207 208 209 
227 228 234 235 236 240 
123 126 
269 270 271 
260 261 
1 132 
89 92 93 
105 106 107 108 
210 214 
264 265 266 267 268 272 273 274 
76 181 
166 167 174 175 180 183 184 
4 5 
31 32 33 
52 53 54 55 56 57 58 
204 205 211 212 213 
13 14 16 17 18 20 
25 36 
103 104 
204 205 210 211 212 213 214 
90 91 95 100 101 102 
146 147 148 
66 73 74 
263 264 265 266 267 268 272 273 274 
2 34 
166 167 174 175 176 180 183 184 185 
8 12 15 
143 151 
159 160 
78 83 
173 178 
80 131 189 
1 132 133 
112 114 
263 264 265 266 267 268 269 270 271 272 273 274 
47 59 
8 12 15 79 
165 172 
182 283 
263 264 265 266 267 268 269 270 271 272 273 274 275 276 277 
144 145 
81 135 190 
9 11 
10 60 
103 104 109 
38 39 
229 285 
90 91 95 100 101 102 112 114 
204 205 210 211 212 213 214 225 
146 147 148 162 
28 30 31 32 33 
19 21 
62 63 70 71 72 166 167 174 175 176 180 183 184 185 
188 197 
0 80 131 189 
173 177 178 
85 187 
158 159 160 
67 171 
76 181 241 
45 47 59 
199 200 
281 284 
25 26 36 
89 92 93 94 
1 2 34 132 133 
75 179 
221 222 223 224 
282 286 
136 194 
6 86 
99 119 
242 244 262 278 279 280 
38 39 50 
122 229 285 
123 126 230 237 238 239 
201 220 
37 38 39 50 
78 83 84 
8 9 11 12 15 79 
90 91 95 100 101 102 112 114 118 
103 104 105 106 107 108 109 
81 135 190 248 
90 91 95 100 101 102 110 112 114 118 
19 21 22 
24 28 30 31 32 33 
49 221 222 223 224 
8 9 11 12 13 14 15 16 17 18 20 79 
123 125 126 230 237 238 239 
143 144 145 151 
141 142 163 
45 47 52 53 54 55 56 57 58 59 
149 152 
124 128 226 231 233 
198 215 216 
78 83 84 88 
61 68 69 165 172 
243 245 
149 152 156 157 
195 203 
64 77 182 283 
158 159 160 164 
170 173 177 178 
27 29 
96 97 98 115 116 117 
124 128 226 227 228 231 233 234 235 236 240 
90 91 95 100 101 102 103 104 105 106 107 108 109 110 112 114 118 
24 28 30 31 32 33 48 
143 144 145 146 147 148 151 162 
66 73 74 75 179 
1 2 34 132 133 192 
8 9 11 12 13 14 15 16 17 18 19 20 21 22 79 
99 119 121 
66 73 74 75 170 173 177 178 179 
204 205 206 210 211 212 213 214 225 
188 197 260 261 
243 245 251 
45 46 47 52 53 54 55 56 57 58 59 
149 152 156 157 158 159 160 164 
65 122 229 285 
129 139 
242 244 262 263 264 265 266 267 268 269 270 271 272 273 274 275 276 277 278 279 280 
204 205 206 207 208 209 210 211 212 213 214 225 
61 62 63 68 69 70 71 72 165 166 167 172 174 175 176 180 183 184 185 
123 125 126 127 230 237 238 239 
1 2 34 132 133 191 192 
96 97 98 115 116 117 120 
78 83 84 88 193 
0 80 131 189 246 
140 143 144 145 146 147 148 151 162 
249 250 252 253 254 255 256 
64 77 168 182 283 
45 46 47 51 52 53 54 55 56 57 58 59 
281 282 284 286 
99 111 119 121 
141 142 154 163 
27 29 45 46 47 51 52 53 54 55 56 57 58 59 
65 122 169 229 285 
129 134 139 
66 73 74 75 123 125 126 127 170 173 177 178 179 230 237 238 239 
199 200 202 
198 204 205 206 207 208 209 210 211 212 213 214 215 216 225 
89 92 93 94 96 97 98 115 116 117 120 
242 244 259 262 263 264 265 266 267 268 269 270 271 272 273 274 275 276 277 278 279 280 
140 143 144 145 146 147 148 149 151 152 156 157 158 159 160 162 164 
124 128 226 227 228 231 232 233 234 235 236 240 
8 9 11 12 13 14 15 16 17 18 19 20 21 22 27 29 45 46 47 51 52 53 54 55 56 57 58 59 79 
66 73 74 75 76 123 125 126 127 170 173 177 178 179 181 230 237 238 239 241 
37 38 39 42 50 
141 142 154 163 188 197 260 261 
243 245 251 257 
23 85 187 
89 92 93 94 96 97 98 99 111 115 116 117 119 120 121 
140 143 144 145 146 147 148 149 150 151 152 156 157 158 159 160 162 164 
242 244 258 259 262 263 264 265 266 267 268 269 270 271 272 273 274 275 276 277 278 279 280 
198 204 205 206 207 208 209 210 211 212 213 214 215 216 217 218 219 225 
37 38 39 42 43 50 
8 9 11 12 13 14 15 16 17 18 19 20 21 22 27 29 44 45 46 47 51 52 53 54 55 56 57 58 59 79 
8 9 11 12 13 14 15 16 17 18 19 20 21 22 27 29 41 44 45 46 47 51 52 53 54 55 56 57 58 59 79 
61 62 63 64 68 69 70 71 72 77 165 166 167 168 172 174 175 176 180 182 183 184 185 283 
8 9 11 12 13 14 15 16 17 18 19 20 21 22 27 29 37 38 39 41 42 43 44 45 46 47 50 51 52 53 54 55 56 57 58 59 79 
199 200 201 202 220 
129 130 134 139 
67 124 128 171 226 227 228 231 232 233 234 235 236 240 
8 9 11 12 13 14 15 16 17 18 19 20 21 22 27 29 37 38 39 40 41 42 43 44 45 46 47 50 51 52 53 54 55 56 57 58 59 79 
1 2 34 132 133 191 192 247 
89 92 93 94 96 97 98 99 111 113 115 116 117 119 120 121 
4 5 82 
6 7 86 
8 9 11 12 13 14 15 16 17 18 19 20 21 22 24 27 28 29 30 31 32 33 37 38 39 40 41 42 43 44 45 46 47 48 50 51 52 53 54 55 56 57 58 59 79 
25 26 35 36 
140 143 144 145 146 147 148 149 150 151 152 155 156 157 158 159 160 162 164 
49 198 204 205 206 207 208 209 210 211 212 213 214 215 216 217 218 219 221 222 223 224 225 
23 85 136 187 194 
8 9 10 11 12 13 14 15 16 17 18 19 20 21 22 24 27 28 29 30 31 32 33 37 38 39 40 41 42 43 44 45 46 47 48 50 51 52 53 54 55 56 57 58 59 60 79 
89 90 91 92 93 94 95 96 97 98 99 100 101 102 103 104 105 106 107 108 109 110 111 112 113 114 115 116 117 118 119 120 121 
61 62 63 64 66 68 69 70 71 72 73 74 75 76 77 123 125 126 127 165 166 167 168 170 172 173 174 175 176 177 178 179 180 181 182 183 184 185 230 237 238 239 241 283 
186 196 
8 9 10 11 12 13 14 15 16 17 18 19 20 21 22 24 27 28 29 30 31 32 33 37 38 39 40 41 42 43 44 45 46 47 48 50 51 52 53 54 55 56 57 58 59 60 78 79 83 84 88 193 
67 124 128 171 226 227 228 231 232 233 234 235 236 240 281 282 284 286 
4 5 81 82 135 190 248 
243 245 249 250 251 252 253 254 255 256 257 
25 26 35 36 87 
61 62 63 64 66 67 68 69 70 71 72 73 74 75 76 77 123 124 125 126 127 128 165 166 167 168 170 171 172 173 174 175 176 177 178 179 180 181 182 183 184 185 226 227 228 230 231 232 233 234 235 236 237 238 239 240 241 281 282 283 284 286 
49 195 198 203 204 205 206 207 208 209 210 211 212 213 214 215 216 217 218 219 221 222 223 224 225 
129 130 134 139 140 143 144 145 146 147 148 149 150 151 152 155 156 157 158 159 160 162 164 
6 7 23 85 86 136 187 194 
3 4 5 81 82 135 190 248 
129 130 134 138 139 140 143 144 145 146 147 148 149 150 151 152 155 156 157 158 159 160 162 164 
186 196 199 200 201 202 220 
49 186 195 196 198 199 200 201 202 203 204 205 206 207 208 209 210 211 212 213 214 215 216 217 218 219 220 221 222 223 224 225 
0 1 2 34 80 131 132 133 189 191 192 246 247 
8 9 10 11 12 13 14 15 16 17 18 19 20 21 22 24 25 26 27 28 29 30 31 32 33 35 36 37 38 39 40 41 42 43 44 45 46 47 48 50 51 52 53 54 55 56 57 58 59 60 78 79 83 84 87 88 193 
242 243 244 245 249 250 251 252 253 254 255 256 257 258 259 262 263 264 265 266 267 268 269 270 271 272 273 274 275 276 277 278 279 280 
129 130 134 138 139 140 141 142 143 144 145 146 147 148 149 150 151 152 154 155 156 157 158 159 160 162 163 164 188 197 260 261 
61 62 63 64 66 67 68 69 70 71 72 73 74 75 76 77 123 124 125 126 127 128 137 165 166 167 168 170 171 172 173 174 175 176 177 178 179 180 181 182 183 184 185 226 227 228 230 231 232 233 234 235 236 237 238 239 240 241 281 282 283 284 286 
0 1 2 3 4 5 34 80 81 82 131 132 133 135 189 190 191 192 246 247 248 
61 62 63 64 65 66 67 68 69 70 71 72 73 74 75 76 77 122 123 124 125 126 127 128 137 165 166 167 168 169 170 171 172 173 174 175 176 177 178 179 180 181 182 183 184 185 226 227 228 229 230 231 232 233 234 235 236 237 238 239 240 241 281 282 283 284 285 286 
6 7 8 9 10 11 12 13 14 15 16 17 18 19 20 21 22 23 24 25 26 27 28 29 30 31 32 33 35 36 37 38 39 40 41 42 43 44 45 46 47 48 50 51 52 53 54 55 56 57 58 59 60 78 79 83 84 85 86 87 88 136 187 193 194 
129 130 134 138 139 140 141 142 143 144 145 146 147 148 149 150 151 152 153 154 155 156 157 158 159 160 162 163 164 188 197 260 261 
0 1 2 3 4 5 6 7 8 9 10 11 12 13 14 15 16 17 18 19 20 21 22 23 24 25 26 27 28 29 30 31 32 33 34 35 36 37 38 39 40 41 42 43 44 45 46 47 48 50 51 52 53 54 55 56 57 58 59 60 78 79 80 81 82 83 84 85 86 87 88 131 132 133 135 136 187 189 190 191 192 193 194 246 247 248 
49 129 130 134 138 139 140 141 142 143 144 145 146 147 148 149 150 151 152 153 154 155 156 157 158 159 160 162 163 164 186 188 195 196 197 198 199 200 201 202 203 204 205 206 207 208 209 210 211 212 213 214 215 216 217 218 219 220 221 222 223 224 225 260 261 
89 90 91 92 93 94 95 96 97 98 99 100 101 102 103 104 105 106 107 108 109 110 111 112 113 114 115 116 117 118 119 120 121 242 243 244 245 249 250 251 252 253 254 255 256 257 258 259 262 263 264 265 266 267 268 269 270 271 272 273 274 275 276 277 278 279 280 
161 287 
0 1 2 3 4 5 6 7 8 9 10 11 12 13 14 15 16 17 18 19 20 21 22 23 24 25 26 27 28 29 30 31 32 33 34 35 36 37 38 39 40 41 42 43 44 45 46 47 48 49 50 51 52 53 54 55 56 57 58 59 60 78 79 80 81 82 83 84 85 86 87 88 129 130 131 132 133 134 135 136 138 139 140 141 142 143 144 145 146 147 148 149 150 151 152 153 154 155 156 157 158 159 160 162 163 164 186 187 188 189 190 191 192 193 194 195 196 197 198 199 200 201 202 203 204 205 206 207 208 209 210 211 212 213 214 215 216 217 218 219 220 221 222 223 224 225 246 247 248 260 261 
61 62 63 64 65 66 67 68 69 70 71 72 73 74 75 76 77 89 90 91 92 93 94 95 96 97 98 99 100 101 102 103 104 105 106 107 108 109 110 111 112 113 114 115 116 117 118 119 120 121 122 123 124 125 126 127 128 137 165 166 167 168 169 170 171 172 173 174 175 176 177 178 179 180 181 182 183 184 185 226 227 228 229 230 231 232 233 234 235 236 237 238 239 240 241 242 243 244 245 249 250 251 252 253 254 255 256 257 258 259 262 263 264 265 266 267 268 269 270 271 272 273 274 275 276 277 278 279 280 281 282 283 284 285 286 
0 1 2 3 4 5 6 7 8 9 10 11 12 13 14 15 16 17 18 19 20 21 22 23 24 25 26 27 28 29 30 31 32 33 34 35 36 37 38 39 40 41 42 43 44 45 46 47 48 49 50 51 52 53 54 55 56 57 58 59 60 78 79 80 81 82 83 84 85 86 87 88 129 130 131 132 133 134 135 136 138 139 140 141 142 143 144 145 146 147 148 149 150 151 152 153 154 155 156 157 158 159 160 161 162 163 164 186 187 188 189 190 191 192 193 194 195 196 197 198 199 200 201 202 203 204 205 206 207 208 209 210 211 212 213 214 215 216 217 218 219 220 221 222 223 224 225 246 247 248 260 261 287 
0 1 2 3 4 5 6 7 8 9 10 11 12 13 14 15 16 17 18 19 20 21 22 23 24 25 26 27 28 29 30 31 32 33 34 35 36 37 38 39 40 41 42 43 44 45 46 47 48 49 50 51 52 53 54 55 56 57 58 59 60 61 62 63 64 65 66 67 68 69 70 71 72 73 74 75 76 77 78 79 80 81 82 83 84 85 86 87 88 89 90 91 92 93 94 95 96 97 98 99 100 101 102 103 104 105 106 107 108 109 110 111 112 113 114 115 116 117 118 119 120 121 122 123 124 125 126 127 128 129 130 131 132 133 134 135 136 137 138 139 140 141 142 143 144 145 146 147 148 149 150 151 152 153 154 155 156 157 158 159 160 161 162 163 164 165 166 167 168 169 170 171 172 173 174 175 176 177 178 179 180 181 182 183 184 185 186 187 188 189 190 191 192 193 194 195 196 197 198 199 200 201 202 203 204 205 206 207 208 209 210 211 212 213 214 215 216 217 218 219 220 221 222 223 224 225 226 227 228 229 230 231 232 233 234 235 236 237 238 239 240 241 242 243 244 245 246 247 248 249 250 251 252 253 254 255 256 257 258 259 260 261 262 263 264 265 266 267 268 269 270 271 272 273 274 275 276 277 278 279 280 281 282 283 284 285 286 287 
